User1  323 387 956 640 502 353 603
User2  620 826
User3  68 591 889
User4  848 194 382 934 575 10 624 551 800
User5  322 100
User6  389
User7  50 143 486 629 832 806 656 355
User8  514 133 385 515 654
User9  406 598 419 525 692 425 732 652 14
User10  427 476 913 559
User11  927 529 202 398 70 103 681 262
User12  728 712 471 894 453 931 881
User13  192 144 314 994 347 555
User14  906 153 726 574 433
User15  34 782
User16  280 895
User17  131 481 344 13 219 257 195
User18  850 420 454 181 517 639 972
User19  909 786 635 694 2 390 527 354
User20  899 279
User21  744 54 125 665 696 117
User22  273 333
User23  107 379 190 89 127 902
User24  626 498 123 762 156 41 288 261
User25  340 661 3 4 619 509
User26  61 632 521 243 55
User27  65 962 581
User28  863 873 467
User29  414
User30  590 679
User31  351 610 507 284 416
User32  923 188 822 790 321
User33  937 526 571 313 170 58 720 43
User34  577 294
User35  647 223 200 562
User36  424 249 646 193 770 683 836
User37  576 346 254 174 995 384
User38  891 225 371 729 163 710 104 164
User39  238 682 718 412 395 545
User40  113 405 328 235 149 990
User41  306 568 179 960 30 693 660
User42  99 655
User43  808 197 792 180 663 325
User44  90 820
User45  142 106 312
User46  381 857 700 549 22
User47  189
User48  605
User49  409
User50  207
User51  949 449
User52  266 627 299
User53  76 900 984 173 975 742 404
User54  96 40 245 421 493
User55  695 242 859 23 95 218
User56  625
User57  372 506 522 264
User58  278
User59  417 111 680 691
User60  690 583 766 177 168
User61  951
User62  869 914 236 643
User63  78
User64  373 880 675 633 122
User65  678
User66  495 941
User67  301 998 760
User68  779 564 721 802 66
User69  252 674 887
User70  350 727 566
User71  33 920 543 211
User72  418 738
User73  748 865 886
User74  240 248 31
User75  212 436 553 386 982 833 500 216
User76  59 936 794
User77  401 316 516 837 969 408
User78 
User79  550 260 345 309
User80  428 213 410 967 649 963
User81  636 809 730 733 921
User82  928 885
User83 
User84  819 877 205 847 35
User85  176 524 119 132 536
User86  513
User87 
User88  883 134 204 888 374 919 94 137
User89  781 673 621 342 706 584 426
User90  19 751 484 538
User91  152
User92  878 393 442
User93  199
User94  237 523 867 203 938 532
User95  369 540
User96  606 953 439
User97  547 348 533 334 415 20
User98  461 957 612 965
User99  752 487
User100  501 479
